Assignment   w1           w2           Data Height  

       ?-?     42.129       42.134            44553628
       ?-?     21.411       21.417            31387217
       ?-?     42.904       42.903            28237738
       ?-?     21.833       21.819            23830357
       ?-?     18.168       18.168            23382300
       ?-?     29.000       29.007            23241082
       ?-?     30.031       30.030            22845283
       ?-?     54.507       54.519            20647254
       ?-?     21.015       21.036            19631695
       ?-?     18.962       18.951            19042096
       ?-?     25.977       25.965            17944108
       ?-?     60.265       60.278            17636501
       ?-?     25.615       25.613            17165403
       ?-?     15.723       15.726            16315961
       ?-?     32.706       32.704            15884307
       ?-?     54.043       54.068            14283556
       ?-?     56.024       56.038            12968340
       ?-?     17.504       17.489            12929551
       ?-?     59.197       59.206            10621661
       ?-?     70.519       70.527            10506924
       ?-?     57.075       57.076            10431524
       ?-?     61.488       61.504            10373112
       ?-?     50.820       50.818             9896629
       ?-?     35.221       35.213             9807066
       ?-?     41.528       41.556             9778061
       ?-?     52.792       52.807             9768997
       ?-?     31.847       31.850             9337359
       ?-?     61.805       61.827             9140551
       ?-?     22.586       22.579             8479744
       ?-?     38.666       38.679             8091580
       ?-?     57.577       57.576             8031792
       ?-?     25.023       25.023             7804419
       ?-?     39.132       39.131             7646046
       ?-?     33.974       33.972             7496185
       ?-?     23.521       23.495             7276853
       ?-?     27.301       27.303             7062570
       ?-?     35.726       35.743             6811749
       ?-?     46.894       46.889             6802389
       ?-?     23.032       23.060             6330130
       ?-?     63.664       63.684             6186999
       ?-?     45.136       45.126             6139364
       ?-?     20.057       20.082             6118188
       ?-?     66.334       66.326             5865801
       ?-?     54.570       18.210             5594786
       ?-?     118.634      118.648            5557498
       ?-?     71.957       71.961             5528584
       ?-?     33.235       33.230             5527425
       ?-?     18.208       54.560             5434148
       ?-?     69.826       69.846             4983639
       ?-?     19.659       19.658             4717916
       ?-?     12.591       12.590             4677047
       ?-?     72.599       72.610             4613645
       ?-?     132.311      132.327            4369981
       ?-?     27.855       27.821             4327462
       ?-?     54.016       18.963             3863429
       ?-?     22.003       31.818             3853059
       ?-?     28.995       25.573             3837477
       ?-?     29.998       26.308             3790839
       ?-?     69.432       69.457             3753550
       ?-?     70.481       60.195             3725859
       ?-?     59.232       32.723             3681470
       ?-?     26.303       29.983             3671056
       ?-?     127.084      126.998            3664341
       ?-?     25.575       29.007             3651228
       ?-?     60.185       70.491             3577960
       ?-?     21.415       71.890             3551788
       ?-?     41.555       52.825             3549610
       ?-?     42.194       30.016             3518010
       ?-?     32.727       59.261             3503715
       ?-?     42.898       29.755             3492756
       ?-?     73.008       73.021             3470866
       ?-?     39.165       57.072             3441444
       ?-?     21.521       69.819             3404107
       ?-?     67.357       67.310             3390789
       ?-?     52.810       41.574             3373145
       ?-?     25.630       32.715             3314203
       ?-?     57.077       39.154             3298483
       ?-?     60.442       69.848             3297794
       ?-?     32.347       30.070             3295465
       ?-?     30.020       42.203             3295336
       ?-?     32.729       25.624             3294235
       ?-?     28.967       42.056             3286411
       ?-?     42.956       25.963             3264233
       ?-?     31.839       21.958             3207954
       ?-?     42.043       28.960             3196359
       ?-?     43.036       54.573             3185708
       ?-?     25.979       42.940             3126919
       ?-?     29.747       42.888             3109238
       ?-?     18.983       54.024             3065819
       ?-?     69.842       60.449             3062835
       ?-?     61.472       70.733             3017721
       ?-?     127.080      127.232            2972919
       ?-?     71.840       21.407             2946668
       ?-?     70.719       61.488             2905896
       ?-?     30.064       32.267             2848637
       ?-?     25.946       25.017             2815800
       ?-?     54.580       43.029             2806820
       ?-?     69.818       21.513             2786774
       ?-?     33.223       57.582             2763900
       ?-?     57.588       33.236             2732306
       ?-?     28.215       28.238             2725621
       ?-?     56.116       18.006             2612404
       ?-?     30.018       32.636             2511332
       ?-?     32.681       26.327             2485400
       ?-?     26.348       32.692             2465568
       ?-?     28.104       43.233             2462286
       ?-?     32.690       60.290             2451282
       ?-?     34.009       28.808             2438504
       ?-?     21.097       72.968             2396796
       ?-?     28.903       59.031             2381710
       ?-?     59.004       28.867             2376741
       ?-?     54.339       30.100             2373798
       ?-?     22.154       20.958             2344721
       ?-?     25.037       25.971             2336941
       ?-?     25.970       27.003             2332955
       ?-?     21.538       60.398             2324247
       ?-?     118.670      132.344            2318810
       ?-?     20.975       22.148             2311480
       ?-?     28.832       34.011             2310567
       ?-?     21.794       19.664             2294794
       ?-?     43.241       28.207             2291322
       ?-?     60.396       21.526             2289344
       ?-?     21.007       31.790             2282675
       ?-?     50.800       23.505             2276074
       ?-?     43.221       27.859             2273840
       ?-?     60.266       32.681             2273676
       ?-?     62.516       62.532             2256112
       ?-?     37.717       37.703             2251313
       ?-?     132.312      118.654            2238285
       ?-?     25.920       38.738             2205428
       ?-?     30.105       54.341             2202336
       ?-?     25.016       27.067             2193292
       ?-?     25.994       27.821             2193279
       ?-?     27.058       25.018             2182931
       ?-?     30.042       15.730             2163221
       ?-?     56.023       38.274             2158032
       ?-?     15.233       15.736            -2146634
       ?-?     38.260       56.033             2134283
       ?-?     31.793       20.991             2124848
       ?-?     61.767       21.851             2122961
       ?-?     38.617       33.241             2099307
       ?-?     54.329       32.251             2095490
       ?-?     24.257       24.283             2095132
       ?-?     18.008       56.102             2083177
       ?-?     63.649       31.969             2068232
       ?-?     21.870       61.792             2068013
       ?-?     54.992       17.464             2056289
       ?-?     27.225       60.114             2053001
       ?-?     31.618       60.170             2048307
       ?-?     19.666       21.798             2026619
       ?-?     62.029       69.436             2022351
       ?-?     18.935       70.699             2017657
       ?-?     16.217       15.730            -2012680
       ?-?     38.755       25.931             2002576
       ?-?     27.823       26.017             1992191
       ?-?     40.270       40.289             1975600
       ?-?     38.622       57.607             1973087
       ?-?     70.451       20.056             1948368
       ?-?     33.226       38.604             1934413
       ?-?     38.459       61.404             1930331
       ?-?     69.414       62.032             1924847
       ?-?     32.264       54.298             1902243
       ?-?     61.450       38.524             1894315
       ?-?     27.025       25.944             1881402
       ?-?     31.963       63.669             1879027
       ?-?     25.990       23.065             1837119
       ?-?     30.330       55.865             1833067
       ?-?     70.709       18.929             1816477
       ?-?     21.784       32.638             1793801
       ?-?     31.409       55.172             1793461
       ?-?     23.042       26.008             1792675
       ?-?     22.609       69.403             1791010
       ?-?     66.318       31.783             1787733
       ?-?     17.528       37.739             1773039
       ?-?     54.472       55.845             1772429
       ?-?     55.167       31.364             1768859
       ?-?     60.116       27.269             1761918
       ?-?     23.520       50.806             1749327
       ?-?     57.594       38.619             1731140
       ?-?     40.239       53.592             1730399
       ?-?     29.353       41.171             1714526
       ?-?     60.164       31.607             1693049
       ?-?     17.457       55.005             1691824
       ?-?     15.726       30.055             1690815
       ?-?     21.423       67.770             1685197
       ?-?     26.312       42.210             1680427
       ?-?     42.197       26.314             1672734
       ?-?     41.161       29.362             1672146
       ?-?     72.974       21.079             1671423
       ?-?     53.582       40.267             1668314
       ?-?     26.301       60.294             1659323
       ?-?     72.576       60.321             1648341
       ?-?     27.359       17.512             1647737
       ?-?     55.853       54.464             1645611
       ?-?     17.535       27.364             1637194
       ?-?     55.860       30.328             1632886
       ?-?     54.534       50.934             1628855
       ?-?     37.758       17.512             1614095
       ?-?     52.777       174.969            1612995
       ?-?     25.629       59.255             1602431
       ?-?     52.604       42.129             1595793
       ?-?     32.632       21.769             1595066
       ?-?     50.920       54.534             1591757
       ?-?     60.308       72.564             1586249
       ?-?     36.213       25.462             1577293
       ?-?     174.887      174.989            1560965
       ?-?     42.079       25.551             1560483
       ?-?     27.351       37.718             1552772
       ?-?     29.753       38.776             1542642
       ?-?     35.222       30.349             1530906
       ?-?     28.201       24.263             1530847
       ?-?     60.116       53.951             1524185
       ?-?     24.258       28.234             1514227
       ?-?     61.370       71.961             1513188
       ?-?     20.065       70.485             1497988
       ?-?     53.990       60.160             1492746
       ?-?     25.547       42.077             1491137
       ?-?     32.277       15.726             1486512
       ?-?     59.249       25.626             1483171
       ?-?     54.934       60.289             1480802
       ?-?     29.081       32.709             1472662
       ?-?     60.271       26.281             1472134
       ?-?     23.048       27.814             1471561
       ?-?     69.404       22.597             1465239
       ?-?     60.248       171.922            1461640
       ?-?     24.254       43.255             1458956
       ?-?     0.047        67.742            -1451420
       ?-?     31.781       66.337             1444257
       ?-?     18.405       18.942            -1434046
       ?-?     45.160       57.619             1427717
       ?-?     60.269       54.912             1426908
       ?-?     30.340       35.202             1426034
       ?-?     18.133       179.602            1424000
       ?-?     25.949       21.835             1419068
       ?-?     20.849       21.511            -1417220
       ?-?     30.671       54.482             1401583
       ?-?     25.455       36.189             1401402
       ?-?     67.696       21.411             1398368
       ?-?     25.974       53.471             1397082
       ?-?     22.146       66.312             1396673
       ?-?     73.004       60.939             1394168
       ?-?     38.239       50.785             1393434
       ?-?     173.865      173.879            1389601
       ?-?     71.994       61.378             1380771
       ?-?     27.376       12.608             1379568
       ?-?     58.900       34.013             1375547
       ?-?     37.728       27.347             1372080
       ?-?     179.572      179.612            1369923
       ?-?     53.437       38.753             1369817
       ?-?     38.774       29.744             1368506
       ?-?     18.780       18.252            -1366187
       ?-?     27.838       23.079             1362702
       ?-?     32.730       29.079             1354722
       ?-?     46.888       173.765            1353161
       ?-?     43.244       24.244             1348728
       ?-?     34.025       58.922             1344039
       ?-?     35.718       31.322             1335606
       ?-?     22.016       21.406            -1325042
       ?-?     42.967       27.054             1318928
       ?-?     46.869       173.969            1314666
       ?-?     18.003       21.840             1313942
       ?-?     39.156       58.913             1312933
       ?-?     57.609       45.149             1308466
       ?-?     26.006       54.510             1303661
       ?-?     19.521       18.969            -1299535
       ?-?     54.473       30.694             1297412
       ?-?     41.508       42.137            -1296504
       ?-?     50.793       38.284             1294118
       ?-?     41.525       180.810            1291395
       ?-?     42.982       25.029             1284933
       ?-?     21.412       61.344             1284548
       ?-?     31.620       27.061             1282666
       ?-?     53.454       25.951             1277255
       ?-?     17.559       18.125            -1276588
       ?-?     17.539       12.605             1269352
       ?-?     27.059       42.994             1261151
       ?-?     54.583       26.014             1261063
       ?-?     27.069       31.606             1257857
       ?-?     61.824       31.855             1256484
       ?-?     30.020       60.324             1246093
       ?-?     66.318       22.139             1243369
       ?-?     38.737       53.482             1230973
       ?-?     12.593       27.358             1228072
       ?-?     0.049        67.996             1226350
       ?-?     21.872       17.993             1223029
       ?-?     32.619       19.667             1219450
       ?-?     60.953       73.010             1215788
       ?-?     66.324       20.969             1208842
       ?-?     42.768       50.957             1204937
       ?-?     25.630       33.258             1193561
       ?-?     54.516       179.619            1191336
       ?-?     31.347       35.655             1185570
       ?-?     45.081       38.624             1178732
       ?-?     21.870       25.979             1177420
       ?-?     31.852       61.786             1170053
       ?-?     27.063       29.352             1144375
       ?-?     71.542       62.577             1144359
       ?-?     19.690       32.637             1142467
       ?-?     20.974       66.320             1139133
       ?-?     62.537       71.562             1138981
       ?-?     29.345       27.099             1137786
       ?-?     27.094       41.177             1137414
       ?-?     38.639       45.048             1135310
       ?-?     60.120       37.738             1134449
       ?-?     12.595       17.503             1132436
       ?-?     58.912       39.177             1129754
       ?-?     35.752       30.776             1127287
       ?-?     42.951       62.018             1126385
       ?-?     60.423       71.640             1125869
       ?-?     71.632       60.398             1123124
       ?-?     32.720       179.018            1122048
       ?-?     21.263       21.848            -1110002
       ?-?     26.343       15.730             1100610
       ?-?     15.719       32.282             1098705
       ?-?     36.117       55.002             1093188
       ?-?     21.229       27.373             1092340
       ?-?     54.962       36.147             1091471
       ?-?     20.433       21.008            -1087744
       ?-?     27.825       54.568             1084109
       ?-?     29.043       35.395             1073587
       ?-?     171.152      171.253            1072296
       ?-?     37.730       60.202             1071517
       ?-?     19.717       24.997             1070223
       ?-?     18.075       17.621            -1069149
       ?-?     54.517       175.743            1058668
       ?-?     25.009       43.047             1057520
       ?-?     61.520       18.935             1054887
       ?-?     53.706       174.044            1054030
       ?-?     176.690      176.700            1052684
       ?-?     61.989       22.574             1052076
       ?-?     28.863       36.172             1051934
       ?-?     54.330       171.151            1051132
       ?-?     50.954       42.723             1046493
       ?-?     50.926       42.767             1044307
       ?-?     50.896       42.843             1042840
       ?-?     21.742       72.561             1042155
       ?-?     41.117       26.787             1039189
       ?-?     57.080       179.528            1030429
       ?-?     33.937       53.939             1029744
       ?-?     179.553      18.157             1028795
       ?-?     22.680       22.141            -1026865
       ?-?     36.166       28.903             1024398
       ?-?     42.197       32.709             1023443
       ?-?     21.410       175.640            1022687
       ?-?     59.178       179.058            1021062
       ?-?     21.384       87.753             1019382
       ?-?     25.000       19.656             1019063
       ?-?     61.809       175.050            1017840
       ?-?     35.514       29.057             1015066
       ?-?     54.583       175.023            1013779
       ?-?     60.206       174.003            1012332
       ?-?     173.858      46.841             1012022
       ?-?     25.061       21.838             1010169
       ?-?     21.583       20.942            -1008555
       ?-?     60.078       17.504             1007910
       ?-?     30.741       35.809             1001783
       ?-?     61.344       21.424             1001425
       ?-?     29.322       31.626              999008
       ?-?     22.573       61.982              998584
       ?-?     42.619       57.761              998448
       ?-?     54.510       27.852              998078
       ?-?     60.874       21.079              997498
       ?-?     45.015       33.220              993399
       ?-?     28.177       55.586              990780
       ?-?     21.765       58.470              990554
       ?-?     114.654      114.715             987180
       ?-?     118.842      52.471              986689
       ?-?     39.148       176.134             986680
       ?-?     159.269      27.002              983661
       ?-?     39.140       175.974             983002
       ?-?     38.651       21.856              982231
       ?-?     72.572       21.780              977852
       ?-?     15.743       15.428             -967773
       ?-?     42.885       38.754              966591
       ?-?     32.747       42.173              964427
       ?-?     31.815       17.991              961496
       ?-?     16.941       17.478             -957875
       ?-?     42.928       53.395              957579
       ?-?     61.396       174.004             956537
       ?-?     45.137       172.699             955643
       ?-?     38.757       42.866              944511
       ?-?     21.841       38.565              942235
       ?-?     63.664       174.897             940373
       ?-?     54.681       27.033              939605
       ?-?     175.703      175.724             939087
       ?-?     60.293       30.026              938950
       ?-?     45.230       172.504             938837
       ?-?     61.436       171.137             932605
       ?-?     35.212       180.335             924605
       ?-?     57.786       42.690              922995
       ?-?     58.511       21.726              920716
       ?-?     132.492      66.256              920114
       ?-?     31.651       29.293              917813
       ?-?     17.569       60.012              917415
       ?-?     56.052       179.538             915900
       ?-?     60.408       175.635             915718
       ?-?     23.578       23.111             -912390
       ?-?     62.023       42.992              911219
       ?-?     39.173       179.539             909387
       ?-?     31.852       56.082              900899
       ?-?     60.177       20.045              894617
       ?-?     18.964       21.519              893990
       ?-?     42.182       41.632             -891803
       ?-?     55.941       57.078              891674
       ?-?     21.851       25.042              890704
       ?-?     60.308       179.060             890225
       ?-?     18.000       31.772              888855
       ?-?     21.827       45.168              888362
       ?-?     27.372       21.257              888162
       ?-?     29.156       60.256              886512
       ?-?     56.009       176.005             879786
       ?-?     43.201       23.074              871871
       ?-?     174.916      52.857              871509
       ?-?     159.254      26.752             -871321
       ?-?     21.868       175.005             863251
       ?-?     42.235       179.789             862668
       ?-?     27.064       54.780              862169
       ?-?     56.989       43.285              862141
       ?-?     42.221       60.336              861923
       ?-?     42.860       179.777             859291
       ?-?     71.578       69.871              850112
       ?-?     61.347       57.580              847319
       ?-?     179.056      179.093             846729
       ?-?     22.965       23.465             -846378
       ?-?     21.441       38.274              845145
       ?-?     132.108      198.561             843493
       ?-?     15.718       26.334              840776
       ?-?     21.898       56.132              839348
       ?-?     38.602       183.184             837165
       ?-?     18.152       181.171             836206
       ?-?     62.034       173.079             835521
       ?-?     70.496       171.917             828983
       ?-?     33.225       44.997              828543
       ?-?     35.398       181.662             827838
       ?-?     25.100       54.748              827022
       ?-?     43.331       56.985              826282
       ?-?     35.222       55.893              825417
       ?-?     177.496      177.515             820038
       ?-?     177.550      177.571             819716
       ?-?     69.854       71.574              816862
       ?-?     41.202       27.152              815394
       ?-?     45.128       21.820              814871
       ?-?     33.206       44.923              814083
       ?-?     55.600       28.289              813408
       ?-?     21.378       23.489              811570
       ?-?     66.152       132.452             804797
       ?-?     57.081       55.963              804675
       ?-?     21.509       18.959              804180
       ?-?     53.365       42.911              803201
       ?-?     21.326       173.999             803143
       ?-?     18.922       61.581              802474
       ?-?     42.959       69.471              801696
       ?-?     62.517       21.311              801689
       ?-?     21.284       62.543              799000
       ?-?     53.963       33.922              798999
       ?-?     118.426      184.839             794395
       ?-?     198.349      132.024             793971
       ?-?     43.217       55.630              791521
       ?-?     18.974       179.460             788390
       ?-?     198.500      132.256             783564
       ?-?     57.529       61.359              780476
       ?-?     57.558       61.316              779526
       ?-?     55.581       43.229              779419
       ?-?     58.560       57.549              777984
       ?-?     50.753       177.520             773256
       ?-?     23.502       21.370              773039
       ?-?     61.060       45.167              771205
       ?-?     58.874       177.447             769801
       ?-?     57.497       61.454              768701
       ?-?     56.101       21.877              766926
       ?-?     61.587       56.027              762987
       ?-?     66.329       178.901             761082
       ?-?     52.498       118.740             760325
       ?-?     50.825       177.378             758260
       ?-?     60.222       15.718              756999
       ?-?     66.328       178.440             755606
       ?-?     28.989       54.612              755601
       ?-?     56.076       61.625              755060
       ?-?     42.141       174.983             754311
       ?-?     41.578       174.978             751337
       ?-?     21.210       17.492              751086
       ?-?     32.595       58.507              750804
       ?-?     35.485       59.142              750676
       ?-?     57.546       58.539              750410
       ?-?     28.949       54.797              748712
       ?-?     15.712       16.024             -746727
       ?-?     60.979       44.971              744448
       ?-?     184.791      118.528             742469
       ?-?     55.104       35.645              739762
       ?-?     58.782       57.332              738974
       ?-?     45.038       60.938              738306
       ?-?     67.466       175.706             737972
       ?-?     127.297      61.070              736212
       ?-?     23.047       43.315              735759
       ?-?     15.713       60.291              735272
       ?-?     35.622       54.420              731029
       ?-?     19.884       25.910              728159
       ?-?     52.549       179.812             727893
       ?-?     59.210       35.409              727450
       ?-?     171.946      60.271              725949
       ?-?     127.084      55.165              724873
       ?-?     22.588       18.982              718907
       ?-?     174.920      54.591              710676
       ?-?     60.216       29.386              708792
       ?-?     178.918      32.734              708504
       ?-?     38.631       182.918             708430
       ?-?     38.306       177.512             707807
       ?-?     69.441       43.026              707130
       ?-?     50.894       175.901             707058
       ?-?     38.286       176.667             706356
       ?-?     55.881       35.183              703496
       ?-?     39.111       28.817              700061
       ?-?     177.139      177.145             698837
       ?-?     54.711       28.920              697604
       ?-?     52.481       118.972             693990
       ?-?     54.734       25.066              693834
       ?-?     33.970       179.908             693140
       ?-?     177.044      177.061             691171
       ?-?     55.120       177.621             690460
       ?-?     178.852      178.818             689901
       ?-?     21.118       37.775              688962
       ?-?     42.721       41.892              687859
       ?-?     54.553       181.328             683594
       ?-?     21.195       37.847              682792
       ?-?     60.254       175.245             678372
       ?-?     53.012       24.964              677196
       ?-?     61.963       54.485              676569
       ?-?     54.442       177.309             675241
       ?-?     87.751       21.453              675189
       ?-?     25.992       50.767              673928
       ?-?     54.504       35.381              673839
       ?-?     37.592       57.549              670743
       ?-?     100.092      30.737              670009
       ?-?     21.277       12.582              669373
       ?-?     50.841       25.988              667511
       ?-?     23.518       17.450              667098
       ?-?     43.186       21.861              666373
       ?-?     27.177       42.502              665500
       ?-?     54.570       61.465              664693
       ?-?     56.117       31.906              664472
       ?-?     179.429      57.042              663777
       ?-?     43.053       60.374              662365
       ?-?     20.016       60.213              660074
       ?-?     25.975       50.947              658982
       ?-?     175.645      54.557              658710
       ?-?     54.498       23.038              658510
       ?-?     24.240       55.580              656213
       ?-?     52.797       180.798             655781
       ?-?     54.495       62.151              655780
       ?-?     31.676       41.225              655750
       ?-?     54.280       15.721              654711
       ?-?     38.252       176.104             653968
       ?-?     60.242       179.513             653909
       ?-?     61.809       52.897              651525
       ?-?     25.928       19.940              651496
       ?-?     69.820       175.624             651399
       ?-?     60.250       28.897              649843
       ?-?     57.771       56.568              649667
       ?-?     55.181       127.284             649226
       ?-?     22.037       55.038              649005
       ?-?     22.053       55.086              648897
       ?-?     21.823       54.788              646916
       ?-?     193.263      126.882             646206
       ?-?     21.420       50.857              645398
       ?-?     42.012       36.195              645128
       ?-?     60.220       175.001             644107
       ?-?     24.989       53.045              643568
       ?-?     21.823       43.264              643508
       ?-?     21.807       173.901             643379
       ?-?     23.084       54.500              643252
       ?-?     34.059       179.704             642652
       ?-?     31.966       174.934             639969
       ?-?     17.476       23.516              639040
       ?-?     55.103       177.346             638770
       ?-?     173.891      21.853              638453
       ?-?     25.719       57.579              638354
       ?-?     55.119       57.491              638015
       ?-?     23.170       22.648             -637383
       ?-?     54.890       25.448              637342
       ?-?     54.716       177.034             637316
       ?-?     35.430       60.310              635945
       ?-?     21.756       172.480             632629
       ?-?     179.649      54.555              628155
       ?-?     18.977       22.597              627336
       ?-?     35.158       33.962              626899
       ?-?     36.219       41.981              624854
       ?-?     118.654      159.346             624673
       ?-?     37.668       12.577              624482
       ?-?     42.192       15.716              624265
       ?-?     36.192       42.021              622858
       ?-?     55.711       175.014             622446
       ?-?     56.597       57.870              621980
       ?-?     55.546       24.251              620924
       ?-?     37.273       30.609              619684
       ?-?     21.329       36.178              618436
       ?-?     35.381       60.160              617775
       ?-?     45.181       61.228              617573
       ?-?     56.033       39.028              616549
       ?-?     60.192       17.996              616385
       ?-?     70.740       171.179             616267
       ?-?     25.932       173.756             616090
       ?-?     56.059       39.147              615040
       ?-?     35.795       182.411             614376
       ?-?     53.013       27.173              614124
       ?-?     53.534       176.808             611370
       ?-?     60.196       35.496              610392
       ?-?     171.127      54.441              610272
       ?-?     38.191       21.373              609129
       ?-?     73.012       173.705             608763
       ?-?     56.596       57.699              608684
       ?-?     53.448       50.755              607729
       ?-?     38.272       21.433              607126
       ?-?     33.956       60.159              605791
       ?-?     179.513      56.089              605465
       ?-?     175.532      21.428              603145
       ?-?     52.823       61.747              601845
       ?-?     53.605       56.077              600901
       ?-?     53.537       175.892             600080
       ?-?     33.993       35.205              599973
       ?-?     57.657       173.830             599805
       ?-?     38.222       177.755             599373
       ?-?     17.495       21.145              598940
       ?-?     173.081      173.133             598538
       ?-?     21.787       57.611              597785
       ?-?     54.403       69.456              596116
       ?-?     50.776       53.392              595645
       ?-?     58.504       19.658              594036
       ?-?     176.870      53.671              592590
       ?-?     55.016       20.976              592472
       ?-?     172.577      172.620             592076
       ?-?     60.873       127.050             591478
       ?-?     172.624      45.096              590247
       ?-?     60.277       42.295              588550
       ?-?     19.786       26.979              588228
       ?-?     71.910       173.964             587924
       ?-?     42.194       18.216              587335
       ?-?     69.430       54.556              586427
       ?-?     21.063       25.962              586141
       ?-?     40.314       176.877             586107
       ?-?     54.487       61.718              583479
       ?-?     37.323       30.856             -582875
       ?-?     46.922       53.624              581521
       ?-?     100.340      27.406              580111
       ?-?     44.807       50.815              579333
       ?-?     53.713       46.866              579070
       ?-?     35.275       72.523              577190
       ?-?     179.376      18.950              576575
       ?-?     19.638       58.480              576126
       ?-?     25.010       60.331              575908
       ?-?     18.181       42.128              575439
       ?-?     42.692       132.408             575264
       ?-?     54.840       21.897              573756
       ?-?     58.906       57.075              570525
       ?-?     22.010       22.577             -570297
       ?-?     58.442       172.599             569965
       ?-?     57.472       37.578              569613
       ?-?     21.149       54.860              567580
       ?-?     171.172      54.163              566738
       ?-?     126.875      193.188             566646
       ?-?     12.574       37.709              566348
       ?-?     174.091      60.248              566235
       ?-?     54.933       72.544              565902
       ?-?     26.018       21.003              565811
       ?-?     53.588       176.092             565389
       ?-?     174.907      21.816              564259
       ?-?     21.047       70.550              563987
       ?-?     42.959       175.484             563563
       ?-?     27.234       53.022              562657
       ?-?     42.934       175.834             561961
       ?-?     41.206       31.696              561914
       ?-?     56.066       53.629              561720
       ?-?     60.902       127.319             560481
       ?-?     53.373       29.745              560388
       ?-?     55.053       22.099              560325
       ?-?     28.779       66.405              557990
       ?-?     57.098       58.949              556784
       ?-?     45.207       52.776              556302
       ?-?     24.997       27.900              556121
       ?-?     29.244       15.726              556076
       ?-?     21.201       28.885              555083
       ?-?     55.180       126.958             554894
       ?-?     18.921       20.933              552695
       ?-?     127.121      60.719              552551
       ?-?     12.039       12.595             -551575
       ?-?     177.612      55.175              550536
       ?-?     45.092       73.065              548403
       ?-?     45.053       73.036              547969
       ?-?     173.979      53.783              547082
       ?-?     43.190       174.908             546010
       ?-?     31.717       178.746             544608
       ?-?     61.447       178.517             544355
       ?-?     58.972       179.637             543973
       ?-?     55.977       177.510             543954
       ?-?     27.264       174.950             541830
       ?-?     25.617       173.126             540918
       ?-?     54.523       59.211              540210
       ?-?     21.153       44.884              539543
       ?-?     174.807      41.965              537157
       ?-?     19.867       27.154              537155
       ?-?     71.959       58.544              534688
       ?-?     27.749       21.867              534500
       ?-?     99.989       33.180              534307
       ?-?     31.686       179.022             533960
       ?-?     178.491      178.458             533674
       ?-?     60.353       43.128              532729
       ?-?     28.266       28.942             -532713
       ?-?     23.521       67.804              529760
       ?-?     32.703       67.473              529625
       ?-?     18.981       69.557              529265
       ?-?     30.291       174.853             529227
       ?-?     23.482       177.353             529054
       ?-?     179.438      39.112              527959
       ?-?     66.381       28.851              527926
       ?-?     50.796       63.623              527918
       ?-?     13.146       12.582             -527494
       ?-?     173.940      61.416              527327
       ?-?     30.069       171.298             527176
       ?-?     18.921       85.256              524332
       ?-?     21.337       42.080              522053
       ?-?     27.129       19.657              521232
       ?-?     28.874       177.481             518010
       ?-?     18.102       84.454              517265
       ?-?     21.145       55.199              516687
       ?-?     38.291       71.970              515735
       ?-?     62.543       174.286             515551
       ?-?     29.708       53.463              514000
       ?-?     28.817       179.621             512663
       ?-?     42.899       44.902              511665
       ?-?     54.797       21.523              511098
       ?-?     18.963       54.798              510888
       ?-?     173.815      57.678              510804
       ?-?     73.048       45.040              508994
       ?-?     42.364       21.432              508830
       ?-?     57.036       176.125             508120
       ?-?     25.929       19.673              507713
       ?-?     131.056      131.284             506201
       ?-?     57.105       174.885             503265
       ?-?     33.214       183.195             503026
       ?-?     20.204       19.673             -500579
       ?-?     57.053       175.915             499195
       ?-?     73.073       23.017              498303
       ?-?     50.881       44.782              496939
       ?-?     58.479       71.964              496766
       ?-?     171.873      171.910             496147
       ?-?     35.892       182.175             493910
       ?-?     22.482       23.105             -493459
       ?-?     19.104       19.646             -493412
       ?-?     44.979       173.736             492624
       ?-?     56.555       42.668              492214
       ?-?     120.781      54.478              492140
       ?-?     18.896       23.482              492106
       ?-?     21.265       25.408              491725
       ?-?     42.687       56.534              489794
       ?-?     57.581       25.713              489266
       ?-?     25.951       44.785              488873
       ?-?     63.686       50.784              487739
       ?-?     60.125       34.075              486841
       ?-?     25.996       40.251              486709
       ?-?     32.734       22.544              486416
       ?-?     67.394       32.686              484993
       ?-?     25.916       45.038              484716
       ?-?     17.944       18.976             -483498
       ?-?     20.997       178.771             483228
       ?-?     60.222       61.518              483042
       ?-?     60.250       35.214              482729
       ?-?     179.773      42.133              482396
       ?-?     60.283       52.941              482308
       ?-?     30.024       67.317              481825
       ?-?     22.192       179.014             481716
       ?-?     26.209       25.474             -481115
       ?-?     18.208       52.513              480829
       ?-?     61.397       58.712              480586
       ?-?     21.849       27.038              480230
       ?-?     174.886      61.755              479887
       ?-?     36.133       21.312              479748
       ?-?     44.779       42.914              479514
       ?-?     61.792       41.587              479310
       ?-?     12.602       21.223              479310
       ?-?     37.669       21.097              479306
       ?-?     176.047      50.924              479122
       ?-?     50.854       21.375              478944
       ?-?     44.969       171.109             478091
       ?-?     21.053       57.563              478022
       ?-?     56.019       177.783             477852
       ?-?     19.494       20.122             -475776
       ?-?     44.690       173.040             475328
       ?-?     42.997       173.211             475293
       ?-?     27.231       42.134              475187
       ?-?     55.062       45.059              474007
       ?-?     15.701       54.270              473694
       ?-?     71.558       42.468              473416
       ?-?     18.937       60.374              472333
       ?-?     36.207       62.585              472121
       ?-?     31.753       179.528             471086
       ?-?     57.543       55.101              470951
       ?-?     40.222       21.859              470034
       ?-?     40.175       25.946              469944
       ?-?     62.497       36.216              469634
       ?-?     60.189       36.027              468802
       ?-?     60.280       36.101              468591
       ?-?     54.956       70.674              468373
       ?-?     21.862       40.187              467110
       ?-?     132.299      38.551              467082
       ?-?     21.051       87.422              466919
       ?-?     32.272       171.272             466890
       ?-?     174.912      41.546              465603
       ?-?     72.602       35.182              465426
       ?-?     99.908       27.333             -465137
       ?-?     31.617       177.523             464352
       ?-?     54.863       23.490              463960
       ?-?     27.410       71.535              463423
       ?-?     41.190       60.284              462896
       ?-?     14.708       15.728             -462700
       ?-?     181.220      18.112              462635
       ?-?     69.842       70.505             -461869
       ?-?     174.041      21.369              461387
       ?-?     19.662       54.761              459935
       ?-?     34.034       177.511             459750
       ?-?     60.236       25.002              459697
       ?-?     178.917      59.161              458920
       ?-?     71.962       38.279              458866
       ?-?     16.738       15.718             -458543
       ?-?     54.581       52.478              458512
       ?-?     20.927       18.935              458168
       ?-?     40.237       55.975              457709
       ?-?     132.276      43.209              457667
       ?-?     35.232       21.763              457461
       ?-?     179.409      54.038              457148
       ?-?     181.241      54.570              456969
       ?-?     69.637       53.985              456749
       ?-?     46.854       57.057              456479
       ?-?     43.194       44.669              456280
       ?-?     27.254       174.697             456205
       ?-?     52.509       18.213              455979
       ?-?     52.932       45.255              455911
       ?-?     42.579       71.683              455864
       ?-?     72.458       174.176             455599
       ?-?     70.502       69.941             -455174
       ?-?     27.054       19.842              452611
       ?-?     17.075       18.140             -452339
       ?-?     42.928       22.618              452143
       ?-?     27.351       175.240             451857
       ?-?     130.969      130.929             451659
       ?-?     31.757       28.808              451406
       ?-?     26.366       67.426              450876
       ?-?     36.110       60.447              449956
       ?-?     61.389       50.947              449863
       ?-?     176.805      40.154              449623
       ?-?     171.122      30.146              449621
       ?-?     26.010       73.074              448651
       ?-?     32.704       67.158              448636
       ?-?     175.512      60.354              448612
       ?-?     17.525       17.095             -448550
       ?-?     119.839      53.418              448372
       ?-?     41.051       42.127             -448256
       ?-?     56.119       40.263              448164
       ?-?     31.848       178.425             447544
       ?-?     40.160       56.119              447343
       ?-?     19.137       18.148             -446949
       ?-?     52.952       60.296              446856
       ?-?     45.095       55.037              446846
       ?-?     179.799      42.869              446606
       ?-?     22.182       178.785             446547
       ?-?     21.215       63.670              446396
       ?-?     85.258       18.929              445486
       ?-?     41.171       35.445              443071
       ?-?     22.564       32.689              443061
       ?-?     132.282      133.533             442910
       ?-?     198.404      118.574             442499
       ?-?     42.963       131.976             442331
       ?-?     200.006      67.731             -441793
       ?-?     23.500       54.793              441610
       ?-?     29.672       53.267              441153
       ?-?     1.745        66.324             -441014
       ?-?     31.983       20.418              440843
       ?-?     43.112       18.949              440458
       ?-?     54.573       118.172             440064
       ?-?     176.168      38.275              439514
       ?-?     54.996       18.965              439434
       ?-?     198.606      198.616             438780
       ?-?     28.879       21.229              437470
       ?-?     171.107      61.458              437293
       ?-?     53.016       60.179              436637
       ?-?     31.711       57.368              436270
       ?-?     17.912       26.967              435924
       ?-?     43.063       56.302              435783
       ?-?     27.181       35.345              435776
       ?-?     18.405       53.972             -434828
       ?-?     61.402       50.742              433752
       ?-?     58.644       61.437              433406
       ?-?     179.774      34.050              433338
       ?-?     177.365      23.504              433303
       ?-?     57.548       21.788              433200
       ?-?     44.807       32.721              432818
       ?-?     45.108       21.018              432406
       ?-?     176.501      38.270              432291
       ?-?     67.283       30.029              432222
       ?-?     198.755      198.461             431994
       ?-?     54.546       118.522             430737
       ?-?     57.564       172.519             430414
       ?-?     120.173      53.769              430275
       ?-?     178.919      60.200              429968
       ?-?     175.727      43.210              428292
       ?-?     1.705        66.058              427976
       ?-?     69.397       172.969             427853
       ?-?     45.186       174.989             427558
       ?-?     57.054       27.933              427424
       ?-?     178.804      31.738              427388
       ?-?     18.983       43.128              427328
       ?-?     72.015       172.504             426762
       ?-?     31.820       70.646              426531
       ?-?     35.306       27.255              425585
       ?-?     15.744       29.303              425345
       ?-?     38.770       178.535             424995
       ?-?     41.560       61.799              424793
       ?-?     176.109      176.219             424724
       ?-?     52.578       54.485              424563
       ?-?     55.074       66.403              424536
       ?-?     38.602       32.727              424496
       ?-?     44.921       21.201              424166
       ?-?     27.909       57.079              423996
       ?-?     53.550       44.882              423580
       ?-?     57.504       180.456             422538
       ?-?     44.928       21.155              422414
       ?-?     15.351       52.419             -422187
       ?-?     33.260       182.919             421428
       ?-?     57.487       71.973              420539
       ?-?     17.471       174.916             420535
       ?-?     57.362       60.302              420270
       ?-?     18.209       174.993             420260
       ?-?     71.929       57.568              420163
       ?-?     119.880      119.961             420027
       ?-?     42.950       177.316             419216
       ?-?     132.304      57.679              419173
       ?-?     100.382      52.613              418811
       ?-?     50.800       61.353              418783
       ?-?     18.891       17.437              418483
       ?-?     21.822       42.903              417418
       ?-?     67.831       23.529              417356
       ?-?     21.920       183.154             417026
       ?-?     118.090      54.479              416844
       ?-?     28.778       179.845             416371
       ?-?     174.815      31.850              416221
       ?-?     57.541       127.014             415054
       ?-?     20.969       20.555             -414935
       ?-?     42.938       59.325              414227
       ?-?     132.355      42.789              413222
       ?-?     21.893       27.828              412775
       ?-?     59.335       173.094             412503
       ?-?     25.733       178.859             412318
       ?-?     175.956      39.190              411838
       ?-?     174.949      31.981              411502
       ?-?     27.080       21.771              411104
       ?-?     40.344       27.517              410565
       ?-?     28.802       39.017              410290
       ?-?     17.444       177.018             410062
       ?-?     23.533       63.676              410012
       ?-?     165.666      33.073              409575
       ?-?     29.130       33.263              409509
       ?-?     118.497      198.315             409405
       ?-?     31.921       26.096              408992
       ?-?     21.676       35.174              407989
       ?-?     34.008       38.177              407098
       ?-?     26.054       31.879              406213
       ?-?     67.332       26.345              405978
       ?-?     173.057      44.838              405782
       ?-?     123.015      114.415             405762
       ?-?     70.529       174.044             405644
       ?-?     19.756       43.001              404957
       ?-?     174.892      63.724              404939
       ?-?     54.945       173.069             404530
       ?-?     175.857      55.914              404492
       ?-?     44.738       54.522              404230
       ?-?     23.533       55.030              404099
       ?-?     70.599       21.028              404090
       ?-?     38.615       54.604              403961
       ?-?     175.807      53.471              403059
       ?-?     71.993       31.345              402888
       ?-?     35.385       41.186              402620
       ?-?     69.431       173.179             402477
       ?-?     179.360      60.357              402356
       ?-?     54.611       67.705              402263
       ?-?     118.156      43.123              401775
       ?-?     44.837       25.786              401709
       ?-?     21.253       42.929              401322
       ?-?     60.415       18.938              400770
       ?-?     22.952       42.674              400582
       ?-?     61.522       132.361             400071
       ?-?     70.643       55.087              399821
       ?-?     59.200       54.470              399540
       ?-?     38.732       173.950             399459
       ?-?     42.953       32.725              399323
       ?-?     69.572       18.955              399196
       ?-?     23.528       18.891              398592
       ?-?     23.521       55.091              398337
       ?-?     43.149       173.679             398158
       ?-?     59.512       60.301             -397623
       ?-?     131.094      130.721             397430
       ?-?     184.643      131.933             397029
       ?-?     54.803       173.254             396660
       ?-?     21.876       52.838              396609
       ?-?     127.083      57.517              396191
       ?-?     38.933       34.109              396082
       ?-?     61.540       60.271              395688
       ?-?     23.509       175.647             395664
       ?-?     52.623       54.662              395237
       ?-?     33.278       61.339              395091
       ?-?     61.520       33.273              394192
       ?-?     60.289       56.054              394145
       ?-?     132.317      61.432              393830
       ?-?     57.678       73.021              393639
       ?-?     53.996       27.384              392999
       ?-?     175.512      42.808              392669
       ?-?     55.087       67.567              392641
       ?-?     18.908       31.860              392591
       ?-?     42.841       21.145              392538
       ?-?     17.528       175.054             392441
       ?-?     31.807       17.526              391764
       ?-?     25.805       62.013              391244
       ?-?     26.028       175.482             391025
       ?-?     32.601       66.374              390985
       ?-?     65.754       65.797              390470
       ?-?     120.558      54.248              388100
       ?-?     177.446      28.728              387516
       ?-?     59.261       42.895              387339
       ?-?     57.405       177.139             386373
       ?-?     42.751       171.756             386330
       ?-?     52.840       21.869              386133
       ?-?     57.709       132.316             385673
       ?-?     50.816       174.816             385419
       ?-?     173.814      26.059              384830
       ?-?     23.133       42.305              384091
       ?-?     159.404      159.389             383579
       ?-?     179.802      52.529              383398
       ?-?     132.313      128.537             383206
       ?-?     43.225       132.757             382748
       ?-?     42.753       42.160             -382741
       ?-?     61.874       179.667             382739
       ?-?     58.986       66.402              382690
       ?-?     25.900       174.852             382574
       ?-?     56.992       174.468             382303
       ?-?     179.513      177.433             382261
       ?-?     20.627       19.973             -382229
       ?-?     33.989       39.127              381623
       ?-?     29.092       181.421             381511
       ?-?     60.093       12.632              381377
       ?-?     36.174       60.170              381302
       ?-?     31.924       50.838              380517
       ?-?     55.219       33.167              380103
       ?-?     72.705       70.572              380098
       ?-?     177.605      31.639              379228
       ?-?     12.627       60.076              378840
       ?-?     62.567       175.395             378818
       ?-?     23.028       72.940              378696
       ?-?     118.898      66.152              377657
       ?-?     127.200      33.196              377269
       ?-?     54.702       19.674              377140
       ?-?     118.803      66.118              377123
       ?-?     41.906       21.805              376887
       ?-?     179.688      59.094              376832
       ?-?     57.107       46.760              376279
       ?-?     54.695       44.913              375879
       ?-?     57.694       171.815             375661
       ?-?     180.714      41.501              375139
       ?-?     114.728      122.869             374744
       ?-?     27.372       54.118              374678
       ?-?     72.649       54.919              374313
       ?-?     28.881       38.592              374066
       ?-?     50.806       29.866              373236
       ?-?     173.757      54.331              372902
       ?-?     172.449      21.797              372839
       ?-?     44.983       53.320              372704
       ?-?     175.622      67.219              372618
       ?-?     57.672       20.998              372304
       ?-?     175.003      27.295              371855
       ?-?     177.435      179.611             371827
       ?-?     184.566      132.214             371788
       ?-?     59.068       31.688              371609
       ?-?     165.691      33.314             -371127
       ?-?     60.395       55.539              370608
       ?-?     12.572       28.888              370548
       ?-?     24.866       25.426             -370484
       ?-?     24.441       24.989             -370370
       ?-?     55.898       171.239             370162
       ?-?     33.273       180.455             370085
       ?-?     35.441       15.726              369954
       ?-?     15.341       52.710              369774
       ?-?     21.523       176.647             368954
       ?-?     177.373      50.786              368793
       ?-?     21.932       46.960              368551
       ?-?     66.071       118.741             368346
       ?-?     57.560       180.228             368307
       ?-?     71.618       175.363             368280
       ?-?     31.430       30.072              368241
       ?-?     54.525       38.490              367861
       ?-?     131.888      131.485             367755
       ?-?     177.341      50.890              367439
       ?-?     36.112       21.693              367191
       ?-?     39.025       177.487             366808
       ?-?     20.430       21.572             -366685
       ?-?     60.418       62.552              366678
       ?-?     37.631       24.950              366600
       ?-?     43.188       59.979              366567
       ?-?     26.009       176.773             366195
       ?-?     53.221       54.645              366043
       ?-?     57.056       54.788              365973
       ?-?     174.848      17.468              365781
       ?-?     29.151       181.584             365700
       ?-?     37.715       71.571              365518
       ?-?     22.449       21.731             -365499
       ?-?     22.484       21.783             -365473
       ?-?     44.796       59.098              364849
       ?-?     126.597      60.296              364727
       ?-?     58.934       60.146              364626
       ?-?     22.422       21.657             -364581
       ?-?     179.326      58.895              364016
       ?-?     178.913      22.170              363622
       ?-?     17.986       178.542             363392
       ?-?     38.982       33.847              362749
       ?-?     131.723      133.303             362681
       ?-?     43.235       17.464              362528
       ?-?     44.932       53.630              362372
       ?-?     32.736       43.012              362332
       ?-?     55.467       175.393             362304
       ?-?     28.972       178.771             362193
       ?-?     38.621       31.869              362032
       ?-?     22.528       21.416             -361926
       ?-?     54.202       120.559             361818
       ?-?     180.169      35.084              360933
       ?-?     66.324       55.091              360855
       ?-?     179.413      31.814              360727
       ?-?     58.954       66.212              360715
       ?-?     32.234       43.250              360505
       ?-?     31.329       71.943              360211
       ?-?     32.876       55.085              359646
       ?-?     39.189       17.970              359540
       ?-?     132.024      42.549              358829
       ?-?     34.036       31.442              358775
       ?-?     18.001       25.916              358574
       ?-?     119.959      120.806             358373
       ?-?     43.243       118.460             357630
       ?-?     38.952       33.907              357535
       ?-?     71.582       175.260             356603
       ?-?     171.074      55.747              356220
       ?-?     63.599       21.256              355492
       ?-?     18.138       29.006              355336
       ?-?     127.060      112.245             355096
       ?-?     25.591       37.703              354664
       ?-?     42.852       38.197              354446
       ?-?     66.275       60.392              353802
       ?-?     185.098      184.896             353793
       ?-?     30.099       28.295              353589
       ?-?     32.852       173.077             353007
       ?-?     42.857       38.277              352622
       ?-?     54.798       67.276              352137
       ?-?     54.494       120.815             351957
       ?-?     42.068       40.964             -351911
       ?-?     173.752      42.814              351758
       ?-?     52.417       132.640             351374
       ?-?     22.154       17.429              351304
       ?-?     132.470      52.432              351001
       ?-?     70.691       72.537              350919
       ?-?     71.627       36.165              349956
       ?-?     52.865       53.708             -349637
       ?-?     67.290       18.159              349450
       ?-?     32.753       173.179             349357
       ?-?     59.585       60.488             -349286
       ?-?     179.597      28.770              349173
       ?-?     177.229      54.412              349152
       ?-?     66.303       58.985              348566
       ?-?     21.276       42.634              348265
       ?-?     31.317       45.204              348215
       ?-?     56.047       178.422             348163
       ?-?     22.478       21.570             -347901
       ?-?     114.608      17.960              347629
       ?-?     173.063      59.274              347525
       ?-?     54.564       132.340             347182
       ?-?     21.421       29.948              347018
       ?-?     133.029      131.598             346962
       ?-?     61.487       177.520             346942
       ?-?     17.995       19.669              346387
       ?-?     179.456      176.113             346174
       ?-?     45.197       61.628              345910
       ?-?     71.774       37.857              345522
       ?-?     29.760       50.857              345443
       ?-?     45.195       174.668             344937
       ?-?     54.861       53.115              344907
       ?-?     36.748       30.870              344901
       ?-?     50.969       27.819              344485
       ?-?     53.974       69.704              344308
       ?-?     21.440       30.002              343785
       ?-?     114.596      123.150             343494
       ?-?     25.043       174.929             343204
       ?-?     40.335       27.259             -343179
       ?-?     159.724      26.739              343115
       ?-?     53.478       119.833             342992
       ?-?     25.115       37.693              342896
       ?-?     67.213       54.601              342886
       ?-?     173.885      38.422              342876
       ?-?     63.646       177.384             342858
       ?-?     27.027       179.522             342838
       ?-?     24.942       174.684             342828
       ?-?     57.682       131.861             342719
       ?-?     25.336       21.223              342676
       ?-?     92.223       25.895              342468
       ?-?     57.301       31.652              342409
       ?-?     60.945       126.682            -342070
       ?-?     180.314      35.318              341552
       ?-?     50.082       50.806             -341534
       ?-?     173.879      38.801              340707
       ?-?     27.262       57.568              340331
       ?-?     132.332      54.469              340299
       ?-?     175.072      43.017              340231
       ?-?     54.502       38.838              339902
       ?-?     132.604      42.556              339740
       ?-?     33.233       173.963             339733
       ?-?     34.982       33.297              339657
       ?-?     18.015       61.728              339594
       ?-?     53.598       52.675             -339552
       ?-?     132.467      54.566              339512
       ?-?     57.708       132.717             339473
       ?-?     54.674       132.163             339355
       ?-?     21.499       180.101             339003
       ?-?     21.449       179.394             338727
       ?-?     15.720       35.415              338707
       ?-?     24.972       174.784             338557
       ?-?     175.148      18.207              337731
       ?-?     50.788       176.696             337660
       ?-?     54.002       120.218             337515
       ?-?     28.854       12.573              337313
       ?-?     33.996       66.517              337049
       ?-?     38.740       41.435              336919
       ?-?     21.353       174.632             336855
       ?-?     24.994       18.033              336751
       ?-?     58.511       59.352             -335592
       ?-?     60.206       57.501              335021
       ?-?     114.548      60.141              334987
       ?-?     173.691      60.894              334557
       ?-?     19.031       19.399             -334519
       ?-?     31.869       18.964              334503
       ?-?     38.327       40.012              334167
       ?-?     26.341       179.025             333905
       ?-?     131.961      184.630             333833
       ?-?     171.660      42.475              333825
       ?-?     108.387      42.109              333643
       ?-?     18.000       61.887              333638
       ?-?     31.946       25.038              333605
       ?-?     55.922       60.180              333524
       ?-?     54.717       131.031             333345
       ?-?     177.113      54.705              333149
       ?-?     57.014       62.480              333118
       ?-?     42.879       60.837              332936
       ?-?     99.886       26.901             -332374
       ?-?     25.889       92.271              332356
       ?-?     71.598       27.368              331912
       ?-?     171.128      55.933              331896
       ?-?     15.747       26.971              331852
       ?-?     34.227       38.510              331792
       ?-?     53.264       54.090             -331788
       ?-?     57.719       180.040             331667
       ?-?     60.281       25.683              331160
       ?-?     51.085       69.382              331072
       ?-?     55.894       60.256              330992
       ?-?     174.981      108.488             330957
       ?-?     53.363       56.900              330949
       ?-?     70.692       54.482              330892
       ?-?     55.060       32.720              330711
       ?-?     35.309       17.510              330470
       ?-?     54.681       131.517             330404
       ?-?     21.895       179.201             329974
       ?-?     66.091       118.998             329883
       ?-?     17.479       43.103              329673
       ?-?     36.210       21.857              329463
       ?-?     35.351       177.619             329393
       ?-?     27.988       175.476             329101
       ?-?     32.754       61.888              328767
       ?-?     30.299       180.360             328702
       ?-?     172.460      58.452              328519
       ?-?     29.064       28.397             -328396
       ?-?     25.987       175.822             328118
       ?-?     171.850      70.475              328022
       ?-?     32.161       30.638              327875
       ?-?     174.691      43.380              327643
       ?-?     61.899       32.600              327558
       ?-?     50.932       173.684             327477
       ?-?     108.610      174.942             327344
       ?-?     18.887       177.117             326624
       ?-?     15.737       42.226              326390
       ?-?     60.113       41.128              326282
       ?-?     23.520       31.783              325849
       ?-?     28.968       21.932              325676
       ?-?     30.044       175.793             325639
       ?-?     72.053       55.247              325449
       ?-?     24.263       30.085              325377
       ?-?     173.692      23.084              325352
       ?-?     100.350      26.861              324640
       ?-?     177.250      54.581              324562
       ?-?     54.600       132.604             323971
       ?-?     60.302       25.618              323623
       ?-?     18.947       177.331             323113
       ?-?     45.153       31.274              323107
       ?-?     54.493       132.738             323011
       ?-?     50.907       180.114             322995
       ?-?     24.473       25.997             -322827
       ?-?     66.333       32.670              322779
       ?-?     58.584       33.082              322504
       ?-?     53.905       45.203              322084
       ?-?     35.136       41.968              322048
       ?-?     31.639       58.811              321883
